"","rownames(env_dist_nb_df)","AC_LIS_CT_2023-10-3","Cal_Lake_LA_2022-8-11","CB_TX_2022-6-9","CC_VA_2022-7-11","CPR_MS_AL_2022-8-24","CS_DB_NJ_2022-9-21","Culch_Ba_LA_2022-6-21","DC_DR_ME_2022-10-25","DC_NB_RI_2022-8-19","DWS_CB_VA_2022-10-7","EC_ApBay_FL_2023-10-4","FFJ_CF_NC_2023-7-19","FP_Sav_GA_2022-6-10","GalBay_TX_2022-6-2","GriceCove_SC_2022-8-10","HC_DB_NJ_2022-9-23","IL_ApBay_FL_2023-10-3","KP_FGR_FL_2022-8-23","LakeFortuna_LA_2022-5-11","LCP_UP_MD_2022-10-20","Mer_GA_2022-7-26","Nickle_Rf_LA_2022-8-1","OL_MI_SC_2022-5-31","Orrs_Cove_ME_2022-10-31","SaLa_GA_2022-10-5","SaltBay_Canada_2022-9-27","Sapelo_Is_GA_2022-7-17","SawIs_MA_2022-9-5","Sister_Lk_LA_2022-8-9","SkR_GA_2022-6-14","SR_GB_NH_2022-8-12","TP_TX_2022-6-28","UNCW_MS_NC_2023-7-17","W1_TX","W6_ME","W4_VA","W3_FL","W2_LA","W5_NH","S1_LOLA","S2_DEBY","Lewisetta","YorkRiver"
"AC_LIS_CT_2023-10-3","AC_LIS_CT_2023-10-3",0,3.2378,3.4714,2.9911,3.2656,1.8911,3.4264,3.6129,3.1111,1.9411,3.4167,2.4947,3.0406,3.0375,3.3611,2.559,3.3546,4.3601,3.1158,2.1198,3.341,3.6288,4.008,2.903,2.9846,2.5446,3.4575,2.351,3.3129,3.2737,0.9329,3.181,3.1973,3.4714,3.6129,1.9411,4.3601,3.3129,0.9329,1.8617,1.934,2.0116,1.9512
"Cal_Lake_LA_2022-8-11","Cal_Lake_LA_2022-8-11",3.2378,0,1.5727,3.0728,0.7563,2.5393,1.2464,4.4196,4.6076,2.3633,0.8571,1.2664,1.1147,1.3728,1.5557,2.8373,0.8946,2.487,1.1935,3.2431,1.1883,2.41,2.9654,3.7533,0.6694,4.7249,1.6088,2.0079,1.0913,1.6097,2.6615,0.3258,2.0407,1.5727,4.4196,2.3633,2.487,1.0913,2.6615,2.7635,2.3166,2.5579,2.1746
"CB_TX_2022-6-9","CB_TX_2022-6-9",3.4714,1.5727,0,3.2193,1.3585,2.9812,2.6231,4.5081,4.7401,3.3217,0.8463,1.6627,1.6565,2.6852,2.0216,4.0469,0.7783,2.2785,2.5239,4.2807,1.3949,3.8303,2.9012,3.8735,1.7534,4.8658,1.6943,2.0575,2.4876,1.9953,2.8462,1.2993,1.9166,0,4.5081,3.3217,2.2785,2.4876,2.8462,3.7401,3.1075,3.5966,2.9623
"CC_VA_2022-7-11","CC_VA_2022-7-11",2.9911,3.0728,3.2193,0,2.4986,1.5832,3.9683,2.6865,2.185,2.3346,2.9508,1.9032,2.0539,3.8244,1.8504,4.0195,2.9231,2.4573,3.7748,3.6972,2.2498,4.5313,1.4913,1.9408,3.4091,2.6371,1.9613,2.4071,3.7953,1.671,2.5114,3.092,1.4864,3.2193,2.6865,2.3346,2.4573,3.7953,2.5114,2.8764,1.7821,2.8213,1.7701
"CPR_MS_AL_2022-8-24","CPR_MS_AL_2022-8-24",3.2656,0.7563,1.3585,2.4986,0,2.2736,1.9783,4.0111,4.1883,2.4092,0.6298,0.8742,0.5122,2.0572,0.9182,3.2922,0.6578,1.813,1.8991,3.5422,0.4572,3.0536,2.2515,3.3387,1.3278,4.4149,0.8745,1.7938,1.8151,0.9369,2.604,0.7654,1.3348,1.3585,4.0111,2.4092,1.813,1.8151,2.604,2.9197,2.1897,2.7264,2.0401
"CS_DB_NJ_2022-9-21","CS_DB_NJ_2022-9-21",1.8911,2.5393,2.9812,1.5832,2.2736,0,3.123,2.2902,2.1364,1.5379,2.6261,1.584,1.8282,2.8981,1.8962,2.8069,2.5931,2.8497,2.9025,2.6508,2.1733,3.5636,2.3572,1.4939,2.7015,2.2215,2.1123,1.3812,2.9858,1.8944,1.2269,2.5998,1.8167,2.9812,2.2902,1.5379,2.8497,2.9858,1.2269,1.9816,1.0085,1.9721,0.8615
"Culch_Ba_LA_2022-6-21","Culch_Ba_LA_2022-6-21",3.4264,1.2464,2.6231,3.9683,1.9783,3.123,0,5.0939,5.2497,2.4822,2.0423,2.2461,2.2249,0.4508,2.6272,2.1316,2.0732,3.6483,0.3283,2.81,2.3999,1.2845,4.0664,4.4543,0.9446,5.2246,2.791,2.7523,0.1941,2.6982,3.0566,1.4126,3.1836,2.6231,5.0939,2.4822,3.6483,0.1941,3.0566,2.642,2.7013,2.4403,2.5999
"DC_DR_ME_2022-10-25","DC_DR_ME_2022-10-25",3.6129,4.4196,4.5081,2.6865,4.0111,2.2902,5.0939,0,1.4924,3.7212,4.2507,3.5609,3.5333,4.948,3.3451,4.7292,4.2254,3.5221,4.9386,4.6274,3.7169,5.551,2.863,0.8554,4.717,2.1212,3.4709,2.6941,4.9859,3.455,2.975,4.4904,3.0704,4.5081,0,3.7212,3.5221,4.9859,2.975,4.0878,3.1969,4.1216,3.0773
"DC_NB_RI_2022-8-19","DC_NB_RI_2022-8-19",3.1111,4.6076,4.7401,2.185,4.1883,2.1364,5.2497,1.4924,0,3.2737,4.5305,3.5105,3.696,5.0164,3.5536,4.567,4.4924,4.0156,5.0316,4.1481,3.9461,5.5601,3.0721,1.1961,4.8177,0.9695,3.7023,3.1095,5.1147,3.5247,2.7927,4.6496,3.2001,4.7401,1.4924,3.2737,4.0156,5.1147,2.7927,3.5679,2.7858,3.654,2.7734
"DWS_CB_VA_2022-10-7","DWS_CB_VA_2022-10-7",1.9411,2.3633,3.3217,2.3346,2.4092,1.5379,2.4822,3.7212,3.2737,0,2.858,1.7834,2.159,2.1614,2.3728,1.7767,2.84,3.6511,2.2291,1.4287,2.5697,2.5228,3.2835,2.9516,2.3097,3.141,2.673,2.4092,2.3503,2.2802,1.8462,2.4663,2.6145,3.3217,3.7212,0,3.6511,2.3503,1.8462,0.6177,0.6038,0.4991,0.7449
"EC_ApBay_FL_2023-10-4","EC_ApBay_FL_2023-10-4",3.4167,0.8571,0.8463,2.9508,0.6298,2.6261,2.0423,4.2507,4.5305,2.858,0,1.2627,1.0251,2.1592,1.4126,3.5505,0.0923,1.9483,1.9843,3.8712,0.8028,3.2468,2.5918,3.6174,1.297,4.7183,1.2169,1.8195,1.9026,1.4641,2.7345,0.7019,1.6371,0.8463,4.2507,2.858,1.9483,1.9026,2.7345,3.317,2.6587,3.1394,2.4966
"FFJ_CF_NC_2023-7-19","FFJ_CF_NC_2023-7-19",2.4947,1.2664,1.6627,1.9032,0.8742,1.584,2.2461,3.5609,3.5105,1.7834,1.2627,0,0.6543,2.1425,1.061,2.9696,1.2273,2.1602,2.0497,3.0051,0.9266,3.1052,2.1622,2.7944,1.5373,3.6423,1.102,1.4692,2.0649,0.9239,1.8867,1.2277,1.1418,1.6627,3.5609,1.7834,2.1602,2.0649,1.8867,2.3082,1.4896,2.1591,1.3598
"FP_Sav_GA_2022-6-10","FP_Sav_GA_2022-6-10",3.0406,1.1147,1.6565,2.0539,0.5122,1.8282,2.2249,3.5333,3.696,2.159,1.0251,0.6543,0,2.2396,0.5279,3.2158,1.031,1.6595,2.1143,3.3932,0.4287,3.1746,1.8811,2.8518,1.632,3.9617,0.6332,1.5154,2.0611,0.5773,2.3327,1.1723,0.9742,1.6565,3.5333,2.159,1.6595,2.0611,2.3327,2.7155,1.8396,2.5393,1.6745
"GalBay_TX_2022-6-2","GalBay_TX_2022-6-2",3.0375,1.3728,2.6852,3.8244,2.0572,2.8981,0.4508,4.948,5.0164,2.1614,2.1592,2.1425,2.2396,0,2.6673,1.7596,2.1735,3.7721,0.2077,2.3963,2.4677,1.1579,4.0792,4.2821,0.9472,4.9251,2.8448,2.6388,0.4264,2.709,2.7445,1.5034,3.1638,2.6852,4.948,2.1614,3.7721,0.4264,2.7445,2.2619,2.4328,2.0773,2.3488
"GriceCove_SC_2022-8-10","GriceCove_SC_2022-8-10",3.3611,1.5557,2.0216,1.8504,0.9182,1.8962,2.6272,3.3451,3.5536,2.3728,1.4126,1.061,0.5279,2.6673,0,3.5374,1.4314,1.3135,2.5456,3.6845,0.6418,3.5136,1.4439,2.7099,2.1245,3.9425,0.462,1.7399,2.4724,0.3502,2.6284,1.649,0.8093,2.0216,3.3451,2.3728,1.3135,2.4724,2.6284,2.9669,1.9804,2.7924,1.8215
"HC_DB_NJ_2022-9-23","HC_DB_NJ_2022-9-23",2.559,2.8373,4.0469,4.0195,3.2922,2.8069,2.1316,4.7292,4.567,1.7767,3.5505,2.9696,3.2158,1.7596,3.5374,0,3.5469,4.7829,1.9515,1.0225,3.5872,1.456,4.7153,4.1134,2.5097,4.2702,3.8349,3.1592,2.1346,3.5636,2.6178,2.9843,3.9469,4.0469,4.7292,1.7767,4.7829,2.1346,2.6178,1.4432,2.2487,1.4189,2.2546
"IL_ApBay_FL_2023-10-3","IL_ApBay_FL_2023-10-3",3.3546,0.8946,0.7783,2.9231,0.6578,2.5931,2.0732,4.2254,4.4924,2.84,0.0923,1.2273,1.031,2.1735,1.4314,3.5469,0,1.97,2.0023,3.8521,0.8152,3.2721,2.5904,3.5861,1.2993,4.6695,1.2239,1.7779,1.931,1.4707,2.6754,0.7166,1.6147,0.7783,4.2254,2.84,1.97,1.931,2.6754,3.296,2.6367,3.1232,2.4757
"KP_FGR_FL_2022-8-23","KP_FGR_FL_2022-8-23",4.3601,2.487,2.2785,2.4573,1.813,2.8497,3.6483,3.5221,4.0156,3.6511,1.9483,2.1602,1.6595,3.7721,1.3135,4.7829,1.97,0,3.6207,4.9672,1.3949,4.6741,1.1806,3.0976,3.0973,4.5792,1.0734,2.3669,3.5139,1.451,3.5414,2.5084,1.2514,2.2785,3.5221,3.6511,0,3.5139,3.5414,4.248,3.1976,4.088,3.0328
"LakeFortuna_LA_2022-5-11","LakeFortuna_LA_2022-5-11",3.1158,1.1935,2.5239,3.7748,1.8991,2.9025,0.3283,4.9386,5.0316,2.2291,1.9843,2.0497,2.1143,0.2077,2.5456,1.9515,2.0023,3.6207,0,2.5628,2.3185,1.31,3.969,4.2723,0.785,4.9708,2.7062,2.5849,0.2457,2.5901,2.7797,1.3258,3.0498,2.5239,4.9386,2.2291,3.6207,0.2457,2.7797,2.3769,2.4617,2.1836,2.3686
"LCP_UP_MD_2022-10-20","LCP_UP_MD_2022-10-20",2.1198,3.2431,4.2807,3.6972,3.5422,2.6508,2.81,4.6274,4.1481,1.4287,3.8712,3.0051,3.3932,2.3963,3.6845,1.0225,3.8521,4.9672,2.5628,0,3.7886,2.2631,4.6816,3.9477,2.9368,3.7432,3.9729,3.3506,2.7548,3.629,2.4555,3.3413,3.9567,4.2807,4.6274,1.4287,4.9672,2.7548,2.4555,0.8405,1.9636,0.977,2.0664
"Mer_GA_2022-7-26","Mer_GA_2022-7-26",3.341,1.1883,1.3949,2.2498,0.4572,2.1733,2.3999,3.7169,3.9461,2.5697,0.8028,0.9266,0.4287,2.4677,0.6418,3.5872,0.8152,1.3949,2.3185,3.7886,0,3.4503,1.8372,3.0705,1.749,4.2469,0.4424,1.6715,2.2415,0.6939,2.6148,1.1833,0.9401,1.3949,3.7169,2.5697,1.3949,2.2415,2.6148,3.1193,2.2485,2.9425,2.0872
"Nickle_Rf_LA_2022-8-1","Nickle_Rf_LA_2022-8-1",3.6288,2.41,3.8303,4.5313,3.0536,3.5636,1.2845,5.551,5.5601,2.5228,3.2468,3.1052,3.1746,1.1579,3.5136,1.456,3.2721,4.6741,1.31,2.2631,3.4503,0,4.8931,4.9286,2.0848,5.4254,3.7811,3.5703,1.3802,3.5655,3.4986,2.5969,4.0986,3.8303,5.551,2.5228,4.6741,1.3802,3.4986,2.4269,2.9478,2.2613,2.915
"OL_MI_SC_2022-5-31","OL_MI_SC_2022-5-31",4.008,2.9654,2.9012,1.4913,2.2515,2.3572,4.0664,2.863,3.0721,3.2835,2.5918,2.1622,1.8811,4.0792,1.4439,4.7153,2.5904,1.1806,3.969,4.6816,1.8372,4.8931,0,2.3818,3.5077,3.7288,1.3969,2.4451,3.9101,1.4368,3.276,3,1.1048,2.9012,2.863,3.2835,1.1806,3.9101,3.276,3.8909,2.7418,3.7708,2.6247
"Orrs_Cove_ME_2022-10-31","Orrs_Cove_ME_2022-10-31",2.903,3.7533,3.8735,1.9408,3.3387,1.4939,4.4543,0.8554,1.1961,2.9516,3.6174,2.7944,2.8518,4.2821,2.7099,4.1134,3.5861,3.0976,4.2723,3.9477,3.0705,4.9286,2.3818,0,4.0231,1.7436,2.844,2.105,4.33,2.77,2.2611,3.8081,2.4073,3.8735,0.8554,2.9516,3.0976,4.33,2.2611,3.3457,2.4055,3.3738,2.2944
"SaLa_GA_2022-10-5","SaLa_GA_2022-10-5",2.9846,0.6694,1.7534,3.4091,1.3278,2.7015,0.9446,4.717,4.8177,2.3097,1.297,1.5373,1.632,0.9472,2.1245,2.5097,1.2993,3.0973,0.785,2.9368,1.749,2.0848,3.5077,4.0231,0,4.8014,2.1699,2.1943,0.7894,2.1341,2.5487,0.6307,2.5078,1.7534,4.717,2.3097,3.0973,0.7894,2.5487,2.5808,2.3938,2.3955,2.2797
"SaltBay_Canada_2022-9-27","SaltBay_Canada_2022-9-27",2.5446,4.7249,4.8658,2.6371,4.4149,2.2215,5.2246,2.1212,0.9695,3.141,4.7183,3.6423,3.9617,4.9251,3.9425,4.2702,4.6695,4.5792,4.9708,3.7432,4.2469,5.4254,3.7288,1.7436,4.8014,0,4.0868,3.218,5.0964,3.8882,2.4811,4.7421,3.5979,4.8658,2.1212,3.141,4.5792,5.0964,2.4811,3.2862,2.7681,3.4318,2.7894
"Sapelo_Is_GA_2022-7-17","Sapelo_Is_GA_2022-7-17",3.4575,1.6088,1.6943,1.9613,0.8745,2.1123,2.791,3.4709,3.7023,2.673,1.2169,1.102,0.6332,2.8448,0.462,3.8349,1.2239,1.0734,2.7062,3.9729,0.4424,3.7811,1.3969,2.844,2.1699,4.0868,0,1.7477,2.6324,0.5092,2.7103,1.6202,0.6097,1.6943,3.4709,2.673,1.0734,2.6324,2.7103,3.256,2.2746,3.09,2.1181
"SawIs_MA_2022-9-5","SawIs_MA_2022-9-5",2.351,2.0079,2.0575,2.4071,1.7938,1.3812,2.7523,2.6941,3.1095,2.4092,1.8195,1.4692,1.5154,2.6388,1.7399,3.1592,1.7779,2.3669,2.5849,3.3506,1.6715,3.5703,2.4451,2.105,2.1943,3.218,1.7477,0,2.6362,1.8648,1.4311,1.9994,1.6328,2.0575,2.6941,2.4092,2.3669,2.6362,1.4311,2.8212,2.0323,2.758,1.8181
"Sister_Lk_LA_2022-8-9","Sister_Lk_LA_2022-8-9",3.3129,1.0913,2.4876,3.7953,1.8151,2.9858,0.1941,4.9859,5.1147,2.3503,1.9026,2.0649,2.0611,0.4264,2.4724,2.1346,1.931,3.5139,0.2457,2.7548,2.2415,1.3802,3.9101,4.33,0.7894,5.0964,2.6324,2.6362,0,2.5295,2.9359,1.2551,3.0167,2.4876,4.9859,2.3503,3.5139,0,2.9359,2.5373,2.5546,2.3312,2.4546
"SkR_GA_2022-6-14","SkR_GA_2022-6-14",3.2737,1.6097,1.9953,1.671,0.9369,1.8944,2.6982,3.455,3.5247,2.2802,1.4641,0.9239,0.5773,2.709,0.3502,3.5636,1.4707,1.451,2.5901,3.629,0.6939,3.5655,1.4368,2.77,2.1341,3.8882,0.5092,1.8648,2.5295,0,2.5999,1.6625,0.7237,1.9953,3.455,2.2802,1.451,2.5295,2.5999,2.8794,1.8895,2.7071,1.7603
"SR_GB_NH_2022-8-12","SR_GB_NH_2022-8-12",0.9329,2.6615,2.8462,2.5114,2.604,1.2269,3.0566,2.975,2.7927,1.8462,2.7345,1.8867,2.3327,2.7445,2.6284,2.6178,2.6754,3.5414,2.7797,2.4555,2.6148,3.4986,3.276,2.2611,2.5487,2.4811,2.7103,1.4311,2.9359,2.5999,0,2.6213,2.4574,2.8462,2.975,1.8462,3.5414,2.9359,0,2.0221,1.6269,2.0831,1.535
"TP_TX_2022-6-28","TP_TX_2022-6-28",3.181,0.3258,1.2993,3.092,0.7654,2.5998,1.4126,4.4904,4.6496,2.4663,0.7019,1.2277,1.1723,1.5034,1.649,2.9843,0.7166,2.5084,1.3258,3.3413,1.1833,2.5969,3,3.8081,0.6307,4.7421,1.6202,1.9994,1.2551,1.6625,2.6213,0,2.0164,1.2993,4.4904,2.4663,2.5084,1.2551,2.6213,2.8564,2.4084,2.6636,2.2727
"UNCW_MS_NC_2023-7-17","UNCW_MS_NC_2023-7-17",3.1973,2.0407,1.9166,1.4864,1.3348,1.8167,3.1836,3.0704,3.2001,2.6145,1.6371,1.1418,0.9742,3.1638,0.8093,3.9469,1.6147,1.2514,3.0498,3.9567,0.9401,4.0986,1.1048,2.4073,2.5078,3.5979,0.6097,1.6328,3.0167,0.7237,2.4574,2.0164,0,1.9166,3.0704,2.6145,1.2514,3.0167,2.4574,3.2001,2.1303,3.0723,1.9876
"W1_TX","W1_TX",3.4714,1.5727,0,3.2193,1.3585,2.9812,2.6231,4.5081,4.7401,3.3217,0.8463,1.6627,1.6565,2.6852,2.0216,4.0469,0.7783,2.2785,2.5239,4.2807,1.3949,3.8303,2.9012,3.8735,1.7534,4.8658,1.6943,2.0575,2.4876,1.9953,2.8462,1.2993,1.9166,0,4.5081,3.3217,2.2785,2.4876,2.8462,3.7401,3.1075,3.5966,2.9623
"W6_ME","W6_ME",3.6129,4.4196,4.5081,2.6865,4.0111,2.2902,5.0939,0,1.4924,3.7212,4.2507,3.5609,3.5333,4.948,3.3451,4.7292,4.2254,3.5221,4.9386,4.6274,3.7169,5.551,2.863,0.8554,4.717,2.1212,3.4709,2.6941,4.9859,3.455,2.975,4.4904,3.0704,4.5081,0,3.7212,3.5221,4.9859,2.975,4.0878,3.1969,4.1216,3.0773
"W4_VA","W4_VA",1.9411,2.3633,3.3217,2.3346,2.4092,1.5379,2.4822,3.7212,3.2737,0,2.858,1.7834,2.159,2.1614,2.3728,1.7767,2.84,3.6511,2.2291,1.4287,2.5697,2.5228,3.2835,2.9516,2.3097,3.141,2.673,2.4092,2.3503,2.2802,1.8462,2.4663,2.6145,3.3217,3.7212,0,3.6511,2.3503,1.8462,0.6177,0.6038,0.4991,0.7449
"W3_FL","W3_FL",4.3601,2.487,2.2785,2.4573,1.813,2.8497,3.6483,3.5221,4.0156,3.6511,1.9483,2.1602,1.6595,3.7721,1.3135,4.7829,1.97,0,3.6207,4.9672,1.3949,4.6741,1.1806,3.0976,3.0973,4.5792,1.0734,2.3669,3.5139,1.451,3.5414,2.5084,1.2514,2.2785,3.5221,3.6511,0,3.5139,3.5414,4.248,3.1976,4.088,3.0328
"W2_LA","W2_LA",3.3129,1.0913,2.4876,3.7953,1.8151,2.9858,0.1941,4.9859,5.1147,2.3503,1.9026,2.0649,2.0611,0.4264,2.4724,2.1346,1.931,3.5139,0.2457,2.7548,2.2415,1.3802,3.9101,4.33,0.7894,5.0964,2.6324,2.6362,0,2.5295,2.9359,1.2551,3.0167,2.4876,4.9859,2.3503,3.5139,0,2.9359,2.5373,2.5546,2.3312,2.4546
"W5_NH","W5_NH",0.9329,2.6615,2.8462,2.5114,2.604,1.2269,3.0566,2.975,2.7927,1.8462,2.7345,1.8867,2.3327,2.7445,2.6284,2.6178,2.6754,3.5414,2.7797,2.4555,2.6148,3.4986,3.276,2.2611,2.5487,2.4811,2.7103,1.4311,2.9359,2.5999,0,2.6213,2.4574,2.8462,2.975,1.8462,3.5414,2.9359,0,2.0221,1.6269,2.0831,1.535
"S1_LOLA","S1_LOLA",1.8617,2.7635,3.7401,2.8764,2.9197,1.9816,2.642,4.0878,3.5679,0.6177,3.317,2.3082,2.7155,2.2619,2.9669,1.4432,3.296,4.248,2.3769,0.8405,3.1193,2.4269,3.8909,3.3457,2.5808,3.2862,3.256,2.8212,2.5373,2.8794,2.0221,2.8564,3.2001,3.7401,4.0878,0.6177,4.248,2.5373,2.0221,0,1.1654,0.2604,1.3035
"S2_DEBY","S2_DEBY",1.934,2.3166,3.1075,1.7821,2.1897,1.0085,2.7013,3.1969,2.7858,0.6038,2.6587,1.4896,1.8396,2.4328,1.9804,2.2487,2.6367,3.1976,2.4617,1.9636,2.2485,2.9478,2.7418,2.4055,2.3938,2.7681,2.2746,2.0323,2.5546,1.8895,1.6269,2.4084,2.1303,3.1075,3.1969,0.6038,3.1976,2.5546,1.6269,1.1654,0,1.0967,0.2352
"Lewisetta","Lewisetta",2.0116,2.5579,3.5966,2.8213,2.7264,1.9721,2.4403,4.1216,3.654,0.4991,3.1394,2.1591,2.5393,2.0773,2.7924,1.4189,3.1232,4.088,2.1836,0.977,2.9425,2.2613,3.7708,3.3738,2.3955,3.4318,3.09,2.758,2.3312,2.7071,2.0831,2.6636,3.0723,3.5966,4.1216,0.4991,4.088,2.3312,2.0831,0.2604,1.0967,0,1.2229
"YorkRiver","YorkRiver",1.9512,2.1746,2.9623,1.7701,2.0401,0.8615,2.5999,3.0773,2.7734,0.7449,2.4966,1.3598,1.6745,2.3488,1.8215,2.2546,2.4757,3.0328,2.3686,2.0664,2.0872,2.915,2.6247,2.2944,2.2797,2.7894,2.1181,1.8181,2.4546,1.7603,1.535,2.2727,1.9876,2.9623,3.0773,0.7449,3.0328,2.4546,1.535,1.3035,0.2352,1.2229,0
