"","rownames(env_dist_df)","AC_LIS_CT_2023-10-3","Cal_Lake_LA_2022-8-11","CC_VA_2022-7-11","CPR_MS_AL_2022-8-24","CS_DB_NJ_2022-9-21","Culch_Ba_LA_2022-6-21","DC_NB_RI_2022-8-19","EC_ApBay_FL_2023-10-4","FFJ_CF_NC_2023-7-19","FP_Sav_GA_2022-6-10","GalBay_TX_2022-6-2","GriceCove_SC_2022-8-10","HC_DB_NJ_2022-9-23","IL_ApBay_FL_2023-10-3","LakeFortuna_LA_2022-5-11","LCP_UP_MD_2022-10-20","Mer_GA_2022-7-26","Nickle_Rf_LA_2022-8-1","OL_MI_SC_2022-5-31","Orrs_Cove_ME_2022-10-31","SaLa_GA_2022-10-5","SaltBay_Canada_2022-9-27","Sapelo_Is_GA_2022-7-17","SawIs_MA_2022-9-5","SkR_GA_2022-6-14","TP_TX_2022-6-28","UNCW_MS_NC_2023-7-17","W1_TX","W6_ME","W4_VA","W3_FL","W2_LA","W5_NH","S1_LOLA","S2_DEBY","Lewisetta","YorkRiver"
"AC_LIS_CT_2023-10-3","AC_LIS_CT_2023-10-3",0,4.2959,3.9025,4.6277,4.0694,4.793,4.0003,4.1295,4.258,5.6263,4.6642,4.1197,4.5369,4.1747,4.8723,3.8373,4.3601,5.2195,4.2267,4.9448,3.8222,4.5335,4.4098,3.5411,4.2607,4.2605,5.1794,4.6582,5.3227,4.0447,4.956,4.8049,3.6232,3.4183,2.9859,3.508,3.3477
"Cal_Lake_LA_2022-8-11","Cal_Lake_LA_2022-8-11",4.2959,0,3.2214,1.0226,3.0331,1.4863,4.7886,1.4529,3.1416,4.2409,1.7398,1.8716,3.1845,1.2503,1.7795,3.3399,2.3502,2.7566,3.443,4.3922,2.1294,4.9979,1.9551,3.0782,1.7151,0.3296,3.7633,1.6797,4.8504,2.6196,2.8878,1.4909,3.8364,2.7753,4.8622,2.5666,5.0268
"CC_VA_2022-7-11","CC_VA_2022-7-11",3.9025,3.2214,0,2.9265,2.4377,4.3178,2.2783,3.0349,2.9454,4.3631,4.2893,1.9159,4.5589,2.9499,4.3594,3.9749,2.7084,5.0384,2.0488,3.0598,3.6517,3.4434,2.0532,2.835,1.7492,3.2489,3.1109,3.4558,3.5214,2.9688,2.5254,4.1926,3.3649,3.0683,4.4807,3.015,4.6461
"CPR_MS_AL_2022-8-24","CPR_MS_AL_2022-8-24",4.6277,1.0226,2.9265,0,2.6876,2.0035,4.5397,1.9533,3.3448,4.1062,2.1153,1.9167,3.4181,1.6331,2.0234,3.5926,2.3889,3.1433,3.1358,3.9029,2.9829,4.5572,1.7565,3.3809,1.4164,1.024,3.5612,1.4521,4.319,2.4748,2.7623,1.8899,3.9956,2.9846,4.9713,2.7915,5.1327
"CS_DB_NJ_2022-9-21","CS_DB_NJ_2022-9-21",4.0694,3.0331,2.4377,2.6876,0,3.4492,2.8403,3.5929,2.9379,3.3774,3.2496,2.9735,3.0145,3.2009,3.2832,2.843,2.7819,3.8877,3.5516,1.6258,3.916,2.6644,2.5635,2.9015,2.412,3.0859,2.8461,3.204,2.4487,1.8549,3.7372,3.1978,2.4016,2.5099,4.5514,2.5078,4.5231
"Culch_Ba_LA_2022-6-21","Culch_Ba_LA_2022-6-21",4.793,1.4863,4.3178,2.0035,3.4492,0,5.5871,2.8422,4,4.6622,0.5222,3.209,2.2646,2.631,0.6129,2.8601,3.4225,1.3896,4.6909,4.9061,2.9265,5.3484,3.2502,4.0515,2.9679,1.6206,4.6344,2.6928,5.3531,2.5362,4.2886,0.4411,4.3438,2.733,5.259,2.5355,5.4209
"DC_NB_RI_2022-8-19","DC_NB_RI_2022-8-19",4.0003,4.7886,2.2783,4.5397,2.8403,5.5871,0,4.664,4.2411,5.3932,5.4435,3.6693,5.0789,4.5884,5.5499,4.437,4.3029,6.0405,3.444,2.5813,5.0686,2.3162,3.8344,3.4578,3.6556,4.838,4.2686,4.9794,2.5983,3.8137,4.1258,5.487,3.5797,3.7815,5.0039,3.8701,5.1463
"EC_ApBay_FL_2023-10-4","EC_ApBay_FL_2023-10-4",4.1295,1.4529,3.0349,1.9533,3.5929,2.8422,4.664,0,2.8732,4.487,3.1077,1.4485,4.376,0.6187,3.1838,4.2874,2.1081,4.1001,2.9559,4.7058,1.6614,5.4092,1.6964,2.4617,1.7876,1.38,3.6236,1.8385,5.137,3.642,2.0301,2.8698,3.8192,3.5684,4.9615,3.4013,5.1033
"FFJ_CF_NC_2023-7-19","FFJ_CF_NC_2023-7-19",4.258,3.1416,2.9454,3.3448,2.9379,4,4.2411,2.8732,0,2.4352,4.0843,2.8072,4.4925,2.5182,4.1889,4.156,1.3739,4.8018,3.6479,3.8295,2.4895,5.2191,2.1162,1.9433,2.5357,3.1339,1.5591,3.2241,4.7973,3.6656,3.1064,3.7491,2.0094,3.7356,4.6543,3.6435,4.3871
"FP_Sav_GA_2022-6-10","FP_Sav_GA_2022-6-10",5.6263,4.2409,4.3631,4.1062,3.3774,4.6622,5.3932,4.487,2.4352,0,4.6977,4.3376,4.9548,3.9569,4.6801,5.0097,2.4912,5.2518,4.6648,3.8417,4.3892,5.8037,3.3387,3.7496,3.7456,4.257,1.7422,4.048,4.9161,4.3358,4.435,4.2839,3.1405,4.9031,4.9889,4.8063,4.4642
"GalBay_TX_2022-6-2","GalBay_TX_2022-6-2",4.6642,1.7398,4.2893,2.1153,3.2496,0.5222,5.4435,3.1077,4.0843,4.6977,0,3.3932,1.8575,2.8665,0.3333,2.4858,3.5916,1.1921,4.8083,4.7345,3.1655,5.03,3.4086,4.1379,3.0833,1.836,4.6936,2.8017,5.1877,2.2081,4.5274,0.5802,4.2301,2.4515,5.2163,2.2801,5.3916
"GriceCove_SC_2022-8-10","GriceCove_SC_2022-8-10",4.1197,1.8716,1.9159,1.9167,2.9735,3.209,3.6693,1.4485,2.8072,4.3376,3.3932,0,4.2794,1.5426,3.4625,4.0596,2.0181,4.2345,1.9707,3.9227,2.4551,4.6367,1.1637,2.4416,0.9152,1.9637,3.2836,2.5192,4.2818,3.1609,1.4165,3.1878,3.7334,3.1878,4.623,3.0232,4.7983
"HC_DB_NJ_2022-9-23","HC_DB_NJ_2022-9-23",4.5369,3.1845,4.5589,3.4181,3.0145,2.2646,5.0789,4.376,4.4925,4.9548,1.8575,4.2794,0,4.1241,2.0284,1.2495,4.3977,1.5536,5.4844,4.3964,4.0852,4.3615,4.3087,4.5117,3.9432,3.3129,5.0891,4.1741,4.8582,1.8197,5.5135,2.1992,3.995,1.9259,5.1744,1.9129,5.3203
"IL_ApBay_FL_2023-10-3","IL_ApBay_FL_2023-10-3",4.1747,1.2503,2.9499,1.6331,3.2009,2.631,4.5884,0.6187,2.5182,3.9569,2.8665,1.5426,4.1241,0,2.9134,4.0931,1.6802,3.9059,2.9949,4.3364,1.7569,5.203,1.3676,2.3318,1.564,1.1398,3.1625,1.4003,4.8587,3.3667,2.0995,2.572,3.4688,3.4457,4.8801,3.2783,4.9515
"LakeFortuna_LA_2022-5-11","LakeFortuna_LA_2022-5-11",4.8723,1.7795,4.3594,2.0234,3.2832,0.6129,5.5499,3.1838,4.1889,4.6801,0.3333,3.4625,2.0284,2.9134,0,2.7064,3.6261,1.3163,4.8316,4.7325,3.3638,5.0711,3.4211,4.2844,3.1001,1.8601,4.7024,2.7193,5.1754,2.2892,4.5461,0.5812,4.3738,2.6633,5.3311,2.4898,5.4986
"LCP_UP_MD_2022-10-20","LCP_UP_MD_2022-10-20",3.8373,3.3399,3.9749,3.5926,2.843,2.8601,4.437,4.2874,4.156,5.0097,2.4858,4.0596,1.2495,4.0931,2.7064,0,4.2943,2.4247,5.1809,4.2726,3.8611,3.9119,4.1836,4.2164,3.7663,3.4353,4.9145,4.304,4.8135,1.5216,5.3654,2.7919,3.5689,1.055,4.7881,1.1725,4.9889
"Mer_GA_2022-7-26","Mer_GA_2022-7-26",4.3601,2.3502,2.7084,2.3889,2.7819,3.4225,4.3029,2.1081,1.3739,2.4912,3.5916,2.0181,4.3977,1.6802,3.6261,4.2943,0,4.4447,2.7922,3.6787,2.4341,5.1411,1.1044,2.0915,1.6767,2.355,1.6819,2.3551,4.4686,3.4758,2.1809,3.1928,2.8098,3.7515,4.3924,3.6032,4.2167
"Nickle_Rf_LA_2022-8-1","Nickle_Rf_LA_2022-8-1",5.2195,2.7566,5.0384,3.1433,3.8877,1.3896,6.0405,4.1001,4.8018,5.2518,1.1921,4.2345,1.5536,3.9059,1.3163,2.4247,4.4447,0,5.6253,5.34,3.8837,5.5242,4.3316,4.9482,3.9619,2.9154,5.4501,3.9724,5.7698,2.583,5.4322,1.4834,4.8679,2.7121,5.5767,2.5627,5.7594
"OL_MI_SC_2022-5-31","OL_MI_SC_2022-5-31",4.2267,3.443,2.0488,3.1358,3.5516,4.6909,3.444,2.9559,3.6479,4.6648,4.8083,1.9707,5.4844,2.9949,4.8316,5.1809,2.7922,5.6253,0,3.9215,3.9766,4.6433,2.2161,3.2715,2.1471,3.4829,3.6249,3.5579,4.1134,4.1335,1.841,4.6267,4.4305,4.2964,4.0132,4.1862,4.2103
"Orrs_Cove_ME_2022-10-31","Orrs_Cove_ME_2022-10-31",4.9448,4.3922,3.0598,3.9029,1.6258,4.9061,2.5813,4.7058,3.8295,3.8417,4.7345,3.9227,4.3964,4.3364,4.7325,4.2726,3.6787,5.34,3.9215,0,5.2044,2.4928,3.4519,3.5536,3.4587,4.4421,3.2017,4.273,1.2273,3.3424,4.2472,4.6625,3.0985,3.9737,5.2296,4.0043,5.1077
"SaLa_GA_2022-10-5","SaLa_GA_2022-10-5",3.8222,2.1294,3.6517,2.9829,3.916,2.9265,5.0686,1.6614,2.4895,4.3892,3.1655,2.4551,4.0852,1.7569,3.3638,3.8611,2.4341,3.8837,3.9766,5.2044,0,5.8968,2.6101,2.3942,2.7169,2.129,3.801,2.9097,5.8273,3.757,3.2153,2.9449,3.3791,3.3585,4.8405,3.2158,4.8921
"SaltBay_Canada_2022-9-27","SaltBay_Canada_2022-9-27",4.5335,4.9979,3.4434,4.5572,2.6644,5.3484,2.3162,5.4092,5.2191,5.8037,5.03,4.6367,4.3615,5.203,5.0711,3.9119,5.1411,5.5242,4.6433,2.4928,5.8968,0,4.6458,4.6733,4.3125,5.0159,5.1068,5.0568,2.3288,3.2631,5.3651,5.2247,4.1765,3.5755,5.5079,3.7186,5.7146
"Sapelo_Is_GA_2022-7-17","Sapelo_Is_GA_2022-7-17",4.4098,1.9551,2.0532,1.7565,2.5635,3.2502,3.8344,1.6964,2.1162,3.3387,3.4086,1.1637,4.3087,1.3676,3.4211,4.1836,1.1044,4.3316,2.2161,3.4519,2.6101,4.6458,0,2.2494,0.7536,1.9733,2.2621,2.031,4.0423,3.1546,1.4911,3.085,3.2316,3.4655,4.6811,3.3072,4.6801
"SawIs_MA_2022-9-5","SawIs_MA_2022-9-5",3.5411,3.0782,2.835,3.3809,2.9015,4.0515,3.4578,2.4617,1.9433,3.7496,4.1379,2.4416,4.5117,2.3318,4.2844,4.2164,2.0915,4.9482,3.2715,3.5536,2.3942,4.6733,2.2494,0,2.6296,3.0846,2.7151,3.2018,4.138,3.8456,2.6937,3.9472,2.0329,3.6909,4.6609,3.6478,4.5468
"SkR_GA_2022-6-14","SkR_GA_2022-6-14",4.2607,1.7151,1.7492,1.4164,2.412,2.9679,3.6556,1.7876,2.5357,3.7456,3.0833,0.9152,3.9432,1.564,3.1001,3.7663,1.6767,3.9619,2.1471,3.4587,2.7169,4.3125,0.7536,2.6296,0,1.7731,2.7792,2.1379,3.9721,2.6525,1.812,2.8367,3.4636,2.9637,4.5598,2.7922,4.6735
"TP_TX_2022-6-28","TP_TX_2022-6-28",4.2605,0.3296,3.2489,1.024,3.0859,1.6206,4.838,1.38,3.1339,4.257,1.836,1.9637,3.3129,1.1398,1.8601,3.4353,2.355,2.9154,3.4829,4.4421,2.129,5.0159,1.9733,3.0846,1.7731,0,3.7547,1.4197,4.9186,2.7113,2.9182,1.6058,3.8141,2.8706,4.9121,2.6748,5.0754
"UNCW_MS_NC_2023-7-17","UNCW_MS_NC_2023-7-17",5.1794,3.7633,3.1109,3.5612,2.8461,4.6344,4.2686,3.6236,1.5591,1.7422,4.6936,3.2836,5.0891,3.1625,4.7024,4.9145,1.6819,5.4501,3.6249,3.2017,3.801,5.1068,2.2621,2.7151,2.7792,3.7547,0,3.4467,4.2208,4.0623,3.1775,4.3149,2.6078,4.5112,5.1181,4.4202,4.7596
"W1_TX","W1_TX",4.6582,1.6797,3.4558,1.4521,3.204,2.6928,4.9794,1.8385,3.2241,4.048,2.8017,2.5192,4.1741,1.4003,2.7193,4.304,2.3551,3.9724,3.5579,4.273,2.9097,5.0568,2.031,3.2018,2.1379,1.4197,3.4467,0,4.7786,3.3955,2.9178,2.5548,3.8311,3.784,5.3198,3.64,5.388
"W6_ME","W6_ME",5.3227,4.8504,3.5214,4.319,2.4487,5.3531,2.5983,5.137,4.7973,4.9161,5.1877,4.2818,4.8582,4.8587,5.1754,4.8135,4.4686,5.7698,4.1134,1.2273,5.8273,2.3288,4.0423,4.138,3.9721,4.9186,4.2208,4.7786,0,3.8902,4.547,5.1841,4.0532,4.4627,5.6832,4.5023,5.6717
"W4_VA","W4_VA",4.0447,2.6196,2.9688,2.4748,1.8549,2.5362,3.8137,3.642,3.6656,4.3358,2.2081,3.1609,1.8197,3.3667,2.2892,1.5216,3.4758,2.583,4.1335,3.3424,3.757,3.2631,3.1546,3.8456,2.6525,2.7113,4.0623,3.3955,3.8902,0,4.3821,2.3677,3.4432,1.1746,4.5801,1.1157,4.7748
"W3_FL","W3_FL",4.956,2.8878,2.5254,2.7623,3.7372,4.2886,4.1258,2.0301,3.1064,4.435,4.5274,1.4165,5.5135,2.0995,4.5461,5.3654,2.1809,5.4322,1.841,4.2472,3.2153,5.3651,1.4911,2.6937,1.812,2.9182,3.1775,2.9178,4.547,4.3821,0,4.2314,4.2607,4.5339,5.2322,4.3824,5.2906
"W2_LA","W2_LA",4.8049,1.4909,4.1926,1.8899,3.1978,0.4411,5.487,2.8698,3.7491,4.2839,0.5802,3.1878,2.1992,2.572,0.5812,2.7919,3.1928,1.4834,4.6267,4.6625,2.9449,5.2247,3.085,3.9472,2.8367,1.6058,4.3149,2.5548,5.1841,2.3677,4.2314,0,4.1065,2.6981,5.1806,2.5019,5.2905
"W5_NH","W5_NH",3.6232,3.8364,3.3649,3.9956,2.4016,4.3438,3.5797,3.8192,2.0094,3.1405,4.2301,3.7334,3.995,3.4688,4.3738,3.5689,2.8098,4.8679,4.4305,3.0985,3.3791,4.1765,3.2316,2.0329,3.4636,3.8141,2.6078,3.8311,4.0532,3.4432,4.2607,4.1065,0,3.4231,4.6972,3.4655,4.4382
"S1_LOLA","S1_LOLA",3.4183,2.7753,3.0683,2.9846,2.5099,2.733,3.7815,3.5684,3.7356,4.9031,2.4515,3.1878,1.9259,3.4457,2.6633,1.055,3.7515,2.7121,4.2964,3.9737,3.3585,3.5755,3.4655,3.6909,2.9637,2.8706,4.5112,3.784,4.4627,1.1746,4.5339,2.6981,3.4231,0,4.4511,0.2657,4.7326
"S2_DEBY","S2_DEBY",2.9859,4.8622,4.4807,4.9713,4.5514,5.259,5.0039,4.9615,4.6543,4.9889,5.2163,4.623,5.1744,4.8801,5.3311,4.7881,4.3924,5.5767,4.0132,5.2296,4.8405,5.5079,4.6811,4.6609,4.5598,4.9121,5.1181,5.3198,5.6832,4.5801,5.2322,5.1806,4.6972,4.4511,0,4.4339,0.8669
"Lewisetta","Lewisetta",3.508,2.5666,3.015,2.7915,2.5078,2.5355,3.8701,3.4013,3.6435,4.8063,2.2801,3.0232,1.9129,3.2783,2.4898,1.1725,3.6032,2.5627,4.1862,4.0043,3.2158,3.7186,3.3072,3.6478,2.7922,2.6748,4.4202,3.64,4.5023,1.1157,4.3824,2.5019,3.4655,0.2657,4.4339,0,4.7116
"YorkRiver","YorkRiver",3.3477,5.0268,4.6461,5.1327,4.5231,5.4209,5.1463,5.1033,4.3871,4.4642,5.3916,4.7983,5.3203,4.9515,5.4986,4.9889,4.2167,5.7594,4.2103,5.1077,4.8921,5.7146,4.6801,4.5468,4.6735,5.0754,4.7596,5.388,5.6717,4.7748,5.2906,5.2905,4.4382,4.7326,0.8669,4.7116,0
